p.cc_choice=0.2499578115640443
p.Tcc=2.2263889191441644
