res: 1.9279083727297897
obj: -0.24313159999999998 (-0.24313159999999998) [-12.611159505248782%]

c1:  0.5568684 (0.33412104000000004)[17.330753096263955%]
c2:  -1.9899999999999998 (-0.19899999999999998) [-10.32206731475673%]
c3:  81.34 (2.0335) [105.47700444501413%]
c4:  0.002219699999999991 (0.00044393999999999825) [0.02302702795835721%]
c5:  -0.0710787 (-0.01421574) [-0.7373659558245218%]

c6:  6.934656996828451 (0.01733664249207113) [0.8992461850001512%]
c7:  -0.45836390491263046 (-0.0011459097622815763) [-0.05943797840656942%]

-------

AvgDrones:  0.24313159999999998
AvgNoDrone: 10.1
MaxNoDrone: 993.4
PrDrones:   0.19778030000000002
StdDev:     0.4289213
